 0 17.80 17.90 17.850  3768  710.0  1.2  7.6 -10.2   59.6  1.6  1.9  -1.7
 1 17.90 18.00 17.949  3383  719.9  1.4  7.4 -10.2   62.4  2.0  2.1  -1.8
 2 18.00 18.10 18.048  2818  725.2  1.5  7.3 -10.1   59.6  2.0  2.2  -1.9
 3 18.10 18.20 18.148  2425  736.9  1.8  7.1 -10.0   64.4  2.6  2.4  -2.0
 4 18.20 18.30 18.247  1952  744.5  1.9  7.0  -9.9   66.5  2.7  2.6  -2.2
 5 18.30 18.40 18.348  1439  748.0  2.0  6.9  -9.6   60.2  2.8  2.3  -2.0
 6 18.40 18.50 18.447  1139  752.2  2.1  6.8  -9.4   53.4  2.9  2.1  -1.8
 7 18.50 18.60 18.548   814  754.5  2.2  6.7  -9.1   53.5  3.0  1.9  -1.6
 8 18.60 18.70 18.646   575  756.1  2.7  6.6  -8.7   54.5  3.5  1.7  -1.5
 9 18.70 18.80 18.747   413  757.4  2.7  6.6  -8.4   45.8  3.4  1.5  -1.4
10 18.80 18.90 18.849   297  763.6  2.9  6.6  -8.0   42.8  3.6  1.4  -1.4
11 18.90 19.00 18.947   230  764.6  3.3  6.6  -7.7   43.4  4.1  1.3  -1.3
12 19.00 19.10 19.048   165  766.4  3.2  6.6  -7.5   39.0  3.8  1.3  -1.3
13 19.10 19.20 19.144   114  767.0  3.6  6.6  -7.3   36.7  3.6  1.3  -1.3
14 19.20 19.30 19.247    87  779.4  5.1  6.6  -7.1   46.4  6.2  1.2  -1.2
15 19.30 19.40 19.340    63  773.0  5.0  6.6  -7.0   40.0  4.8  1.3  -1.3
16 19.40 19.50 19.447    40  787.3  9.8  6.7  -6.9   52.1 12.8  1.3  -1.3
17 19.50 20.00 19.620    37  779.7  5.0  6.7  -6.8   26.4  4.6  1.5  -1.6
